II. INDEX NOM. IN ANNOTATIONIBUS LAUDATOR. 389

—300. 302. 304. 305. 307.
308. 310. 311. 317. 321-324.
326. 327. 331-335. 344. 347
—350 352. 353. 355. 357
-369. 371. 374—376. 378.
379. 382-385.

Geminus 13. 26. 29. 35. 65,
73. 112.

Geometer 216.

Gherardus Cremonensis 22. 27.
31. 35. 36. 41. 156. 200. 329.

Heibergius 24. 26. 27. 31. 32.
36. 39. 41. 42. 48. 74. 92. 110.
112. 121. 156.168.173. 176
—179 181-184. 186. 188.
191. 194. 211. 214. 215. 217.
220-223. 226. 228. 230. 233
-235, 237. 238. 240—243.
245. 247. 250. 278. 279. 281.
282.284-291.293.295-300.
302. 304. 305. 307. 308. 310.
311. 316. 317. 321-324.
326-328. 331—335. 344.
347-350. 352. 353. 355. 357
-369, 371. 374-376. 378.
379. 382-385.

Hero 37. 42. 43-45. 55. 57.
58. 62. 86. 89 92. 97. 108.

110. 112. 121. 122. 130. 133.
137. 145151. 152. 155. 162.
176. 190. 191. 195.

Hercmides 4.

Hercuus 3

Hemndes 3. 4.

Hultsch‚ Fr. 28. 35.

Kutta 75.

Pappus 28. 34. 35. 37-39. 63.

Ph110 53.

Plutarchus 28.

Porphyrius 58.

Pos1dcnius 26.

Proclun 4. 6. 7. 11. 12.16.17.
20. 22. 2325. 26. 29. 32-34.

, 36-39. 43. 44. 47. 49-60.
62. 63. 65. 86.

Ptolemaeus 65.
Pythaforuci 4.

Ratio t, Ehrhardus 122.
Romani 24.

Sambelichius = Simplicius 1,
Simplicius 1. 26. 65.

St'ius 372.

Theo 122.

Tuci 122.

Yrinus = Herc 42.

Woepcke, Fr. 112.

 

