388 Π. INDEX NOM. IN ANNOTATIONIBUS LAUDATOR.

111, 128,11, 130,1.1.16,

Pythagoraei vide Alii.

131,11, 134, 6,11-16, 136, Quidam = Puppus 37, 11,
1. 4. 111316, 137, 1, 138, 6, 38, 6.

133,1.6.16.11,140,1, 141,1, Sembelichius vide Simplicius.
142,16, 146,16, 146,16, Simplicius 1,1, 2,11, 4,16, 6,

147, 11, 148, 16. 16, 161, 1.
1111, 164,11, 162,11, 178,
11, 191,1. 1, 134, 11.
Heromides 4, 22.
Η616110613,11.
Libra 31, 6.
Pappus vide Quidam.
Ρ16166,16.
Ptolemaeus 66,11.

111, 8, 16. 66, 9,14, 11, 6,
14, 1611, 1611, 16, 1. 1. 11,
18,1, 20,6, 21,16, 22,1.11,
23‚2; 24, 7123, 2123 2111,
1116, 31,1, 32, 1161, 34,11,
36,1, 36,11. 16, 37,1, 6611,
73, 6.

Thebit 84, 21.
Yrinus cide Hero.

Π. INDEX NOMINUM IN ANNOTATIONIBUS
LAUDATORUM.

Abthiniatus 36. 65.

Abul 77618 76.

Ageuis = Geminus 13. 66. 112.

Α1131161113 33. 35. 39. 65, 74.
122. 137140. 141. 150. 152.
173. 177-179, 188. 211

293. 295-300. 302. 304. 305.
307. 308. 310. 311. 316. 317.
321-324. 326-328. 331-
335. 344. 347-350. 352. 353.
355.357-369.371.374-376.
378. 379. 382-385.

116, 111111111116166.Ι Cantor, Μ. 112.
284. 111. 666. 611. 111. 666. Diachasimus 232.

Apollonius 12. 13.

Aposedunius 3.

Arabes 39.

Auchimedes 6. 6. 24. 162.

Asumithes = Archimedes 6.

Aximithes = Archimedes 6.

Besthoru-Heiberg 29. 31. 33.
35-38. 48. 73. 75.

Campanus 28. 43. 4547122.
150172178. 179, 181-184.
186. 188. 191. 132. 104.
196-198. 204-207. 211.
213-215. 217. 220-223,
225. 226. 228. 230. 233-235.
237. 238. 240-243. 245. 247.

250. 278. 279. 281-284. 231.

Diodorus 35. 65.
Euclides 10. 28. 32. 33. 41. 42.

47. 48. 50-52. 54-56, 58.
61-63. 65. 74. 75. 78. 86.
88. 90-92. 94. 96. 38. 100.
102. 104. 106. 108.110.112
-114, 116. 120-122. 124.
128-130. 133-135. 137139
-142, 145-148. 150. 151.
155. 156. 162168-173. 176
-179, 181-184. 186. 188.
130-136. 138-200. 204. 207.
214. 215. 217. 220-223. 225.
226. 233-235. 237 . 238 240
-243, 245. 247. 250. 278.
‘112.221214. 291. 233. 235.

 

