Ι. INDEX NOMINUN IN TEXTU ANARITII
LAUDATORUM.

Abthinietus 36,1, 66,11.

Agenis cide Geminus.

1164,11,1,1.11.11;11,1,

Alii = Pythagoraei 4, 1.

Anaiitius 1,1; 36, 1, 42, 11,
88,1, 111,1.1,138,11,142,11,
190,1, 211, 2, 232,11; 233,1;
38611.

Antiqui 10,11.

Apollonius 12,11, 13,1.

Aposedanius 3,11.

Archimedes 6,11, 6,1, 24,11,
28, 11,.162, 11.

Aries 31,1.

Asemithes vide Archimedes.

Aximithes cide Archimedes.

Diachasimus 232,11.

Diodorus 86, 1, 6611.

Euclides 1,1.1, 211, 4,11, 6,1.
1. 11111, 6, 1111, 1, 11, 8,
1111. 11, 9, c. 1. 11. 11, 10,11.
11, 11, 11. 11, 12, 1111, 14,
11. 11. 11. 11, 16,11.11. 11,
16,1.1.1.11.11, 18, 11, 19,
1. 11, 20,1, 21,11, 22,1. 1.
11. 11, 23, 4. 11. 11. 11, 24, 11.
32, 25,s; 26,6; 28,1.11; 30,
1111, 31,1, 32,11.11,34,11,
361, 361111, 37,1, 42,11.
28. 26, 47,9, 49,1; 66,9; 70,
111, 73,1.1. 111, 88,1.1,
108,11.11.11, 109,1.1, 11611,
111, 11. 1111, 112, 1. 11,
1131111. 11. 11. 11, 114,1. 1,

· 116,11,120,3, 121,3, 124,ss;

128, 99, 129, 1. 24, 130, 2,
131,11, 133,11, 134,1.11,
η8111;η9111ω
fflmwsswan
ndnmlffimnstn3
lsscwlmn23ffi1
ismunm1wan
ffids4n3w123ffl1m
wnfflmlemm
lffifflssffifflflssstffl
fflfflmlmmlffln
w1m2msm2msm
mw;m4m2ffiffsm
wdm2ffistuwdsm
QQQ2Mffl2fflnssw,
1ο, 291,11, 336,1, 336,1ο,
ffidm

Vide etiam Geometer.
Geminus 13,1, 26,11, 361,

66,11.11, 10,1,11,1, 12,6,
mesu

Geometer = Euclides 262, 11.

11, 323,1ο, 328,1, 364,11.11. ⁰

Geometer 21611.
Geometre 2,11, 6, 11, 6,11.11,

19, 1, 331, 10.

Herc 42,1114, 64, 11, 6611,

1611, 18,11, 861111, 88,1,
89,1, 90,13, 91,19, 92, 29,
96, 1, 96, 23, 98,1, 100,1,
102,4, 104,1, 106,11, 108,11,
109, 1, 110,1.11; 111, 111,
113, 1. 11. 11, 114, 1, 11611,
116,11·, 120,1,κ11,1·,11.1,1·,

123,11·, 111,11·,11;6,11·,1“ΐ1 1
ᾖ

 

